1037;Suur auditoorium;301;14.0;70.0;115;196
1020;Auditoorium;100;324.0;107.0;390.0;201
1021;Auditoorium;200;230.0;107.0;321.0;200
1022;Auditoorium;40;182.0;105;222;188
1019;Auditoorium;100;393.0;108.0;460.0;201.0
1018;Auditoorium;100;464.0;108.0;532.0;201.0
1017;Auditoorium;40;536.0;125.0;581.0;202.0
1008;Auditoorium;60;489;39;548;106.0
1007;Auditoorium;60;428.0;39.0;487.0;106
1006;Auditoorium;60;367.0;39.0;426.0;106.0
1005;Auditoorium;60;306.0;38.0;365.0;105
1004;Auditoorium;40;242.0;61.0;304;104.0
1009;N/A;0;552.0;38.0;565.0;72
1039;Arvutimuuseum;0;14.0;18.0;67;67
1040;Kabinet;0;69.0;18.0;89;51
1024;Seminariruum;30;163.0;237.0;218.0;287
1025;Seminariruum;30;150.0;287.0;204;336
1026;Seminariruum;30;137.0;336.0;190;379
1027;N/A;0;125.0;379.0;145;394
1032;sTARTUp Lab;0;118.0;403.0;173;449
1030;Demokeskus;40;107.0;448.0;162;509
1031;N/A;0;91.0;508.0;146;539
1016;N/A;0;536.0;107.0;584.0;121
1038;Valvelaud;0;117.0;132.0;132.0;163.0
1042;N/A;0;91.0;42.0;131.0;52.0
1015;Raamatukogu;50;650.0;17.0;781.0;18.0
1013;Raamatukogu;0;607;44;647.0;124.0
2049;Koosolekuruum;30;24;15;70;97
2051;Kabinet;0;73;16;113;64
2052;N/A;0;113;38;126;51
2002;Serveriruum;0;139;15;214;64
2003;Arvutiklass;24;215;12;268;97
2004;Arvutiklass;40;268;14;343;98
2005;Arvutiklass;24;344;13;395;97
2006;Arvutiklass;24;398;12;450;98
2007;Arvutigraafika ja virtuaalreaalsuse labor;0;452;12;502;96
2010;Seminariruum;30;506;11;549;76
2011;Neurotur. labor;0;551;38;584;51
2012;Neurotur. katseruum;0;551;13;584;37
2014;N/A;0;607;38;620;61
2018;N/A;0;606;64;620;80
2016;Hoiuruum;0;622;37;647;97
2017;Arvutiklass;40;649;12;776;96
2047;Seminariruum;30;23;136;86;187
2048;Auditoorium;60;100;137;157;208
2027;Robootikaklass;0;175;140;235;210
2026;Hoiuruum;0;235;139;268;211
2025;Digilabor;0;269;139;325;210
2024;Robotiväljak;0;327;128;395;212
2023;Haridusrobootika keskus;0;397;129;434;211
2022;Aruka masinnägemise labor;0;436;139;471;210
2021;Arvutiklass;25;472;138;550;210
2020;Koolirobootika labor;0;592;155;643;231
2019;IoT labor/kontor;0;607;135;659;160
2018;IoT labor/kodu;0;635;99;687;146
2046;Auditoorium;60;21;188;85;251
2045;Seminariruum;30;21;251;85;303
2028;Kabinet;0;173;211;200;228
2029;Arvutiklass;25;170;227;226;307
2030;Arvutiklass;25;149;303;210;370
2031;N/A;0;131;369;153;382
2032;N/A;0;151;375;190;384
2034;Seminariruum;30;124;393;185;439
2035;Seminariruum;30;112;437;173;487
2036;Tudengite puhkeala;0;99;483;158;544
2038;Tudengite köök;0;103;550;140;573
2039;Seminariruum;30;76;565;134;614
2040;Seminariruum;30;64;612;123;669
2041;Stuudio;0;52;668;109;694
2042;Pers.med. ja terviseinf. keskus;0;18;705;90;795
3120;Kabinet;0;29.0;9.0;58.0;41.0
3121;Kabinet;0;60.0;9.0;82.0;43.0
3122;Kabinet;0;84.0;9.0;105.0;42.0
3125;N/A;0;105.0;32.0;117.0;42.0
3002;Üliõpilaste nõustamine;0;187.0;8.0;236.0;41.0
3004;Kabinet;0;238.0;6.0;255.0;42.0
3005;Kabinet;0;257.0;5.0;273.0;37.0
3007;Kabinet;0;277.0;5.0;297.0;37.0
3009;Kabinet;0;299.0;7.0;323.0;41.0
3011;Kabinet;0;325.0;6.0;351.0;43.0
3013;Kabinet;0;353.0;6.0;379.0;40.0
3015;Kabinet;0;380.0;5.0;406.0;43.0
3017;Kabinet;0;408.0;7.0;441.0;36.0
3019;Kabinet;0;442.0;5.0;459.0;38.0
3021;Kabinet;0;461.0;5.0;481.0;42.0
3023;Kabinet;0;484.0;5.0;515.0;42.0
3025;Kabinet;0;516.0;5.0;534.0;37.0
3027;Kabinet;0;537.0;6.0;560.0;41.0
3028;Kabinet;0;565.0;6.0;596.0;40.0
3029;Kabinet;0;598.0;5.0;615.0;40.0
3030;N/A;0;631.0;29.0;659.0;41.0
3032;Kabinet;0;661.0;6.0;694.0;41.0
3033;Kabinet;0;692.0;5.0;724.0;43.0
3034;Koosolekuruum;0;724.0;5.0;788.0;44.0
3119;Kabinet;0;28.0;59.0;59.0;93.0
3123;Kabinet;0;70.0;58.0;103.0;88.0
3124;Kabinet;0;105.0;59.0;128.0;88.0
3003;Kabinet;0;231.0;55.0;258.0;89.0
3006;Kabinet;0;260.0;56.0;291.0;90.0
3008;Kabinet;0;291.0;57.0;321.0;90.0
3010;Kabinet;0;320.0;56.0;353.0;90.0
3012;Kabinet;0;353.0;62.0;378.0;90.0
3014;Kabinet;0;378.0;56.0;406.0;89.0
3016;Kabinet;0;406.0;56.0;433.0;92.0
3018;Kabinet;0;434.0;59.0;460.0;91.0
3020;Kabinet;0;461.0;58.0;488.0;88.0
3022;Kabinet;0;487.0;56.0;515.0;89.0
3024;Kabinet;0;515.0;55.0;542.0;88.0
3026;Kabinet;0;543.0;56.0;560.0;87.0
3035;Kabinet;0;619.0;56.0;633.0;71.0
3068;Kabinet;0;213.0;118.0;262.0;151.0
3066;Kabinet;0;263.0;118.0;286.0;150.0
3064;Kabinet;0;286.0;118.0;309.0;146.0
3062;Kabinet;0;310.0;118.0;335.0;150.0
3060;Kabinet;0;335.0;115.0;362.0;150.0
3058;Kabinet;0;362.0;118.0;386.0;152.0
3057;Kabinet;0;387.0;117.0;406.0;152.0
3055;Kabinet;0;407.0;118.0;424.0;146.0
3053;Kabinet;0;425.0;118.0;450.0;151.0
3050;Kabinet;0;452.0;117.0;478.0;151.0
3048;Kabinet;0;478.0;117.0;506.0;150.0
3046;Kabinet;0;506.0;117.0;526.0;151.0
3045;Kabinet;0;527.0;117.0;549.0;151.0
3044;Kabinet;0;550.0;118.0;593.0;149.0
3114;Kabinet;0;27.0;165.0;59.0;203.0
3115;Koosolekuruum;0;71.0;165.0;115.0;201.0
3116;Kabinet;0;115;165.0;135.0;202.0
3117;Kabinet;0;135.0;165.0;159.0;202.0
3118;Puhkeruum;0;159.0;163.0;195.0;201.0
3067;Kabinet;0;239.0;166.0;274.0;201.0
3065;Kabinet;0;276.0;166.0;298.0;205.0
3063;Kabinet;0;298.0;165.0;331.0;202.0
3061;Kabinet;0;332.0;165.0;351.0;205.0
3059;Kabinet;0;352.0;164.0;384.0;203.0
3058;Kabinet;0;386.0;172.0;405.0;204.0
3054;Kabinet;0;406.0;165.0;439.0;205.0
3052;Kabinet;0;441.0;165.0;459.0;203.0
3051;Kabinet;0;461.0;167.0;487.0;204.0
3049;Kabinet;0;488.0;163.0;513.0;204.0
3047;Puhkeruum;0;514.0;164.0;553.0;203.0
3113;Kabinet;0;27.0;204.0;58.0;219.0
3111;Kabinet;0;26.0;222.0;55.0;237.0
3110;Kabinet;0;27.0;240.0;55.0;257.0
3108;Kabinet;0;27.0;257.0;54.0;285.0
3106;Kabinet;0;27.0;287.0;54.0;313.0
3104;Kabinet;0;26.0;314.0;57.0;330.0
3102;Kabinet;0;27.0;333.0;58.0;349.0
3100;Kabinet;0;27.0;351.0;57.0;368.0
3099;Kabinet;0;28.0;369.0;57.0;386.0
3097;Kabinet;0;27.0;389.0;52.0;413.0
3096;Kabinet;0;27.0;413.0;58.0;456.0
3112;Kabinet;0;72.0;204.0;105.0;235.0
3109;Kabinet;0;73.0;237.0;107.0;270.0
3107;Kabinet;0;71.0;269.0;106.0;295.0
3105;Kabinet;0;71.0;295.0;107.0;314.0
3103;Kabinet;0;71.0;315.0;106.0;342.0
3101;Kabinet;0;71.0;343.0;109.0;365.0
3085;Hoiuruum;0;101.0;367.0;141.0;395.0
3087;Koosolekuruum;0;70.0;395.0;136.0;425.0
3091;Koosolekuruum;0;71.0;425.0;125.0;474.0
3092;Sandbox;0;26.0;529.0;140.0;722.0
3095;Isejuhtivate sõidukite labor;0;27.0;719.0;99.0;797.0
3037;Kabinet;0;710.0;45.0;744.0;76.0
3038;Kabinet;0;691.0;71.0;731.0;92.0
3039;Kabinet;0;679.0;86.0;718.0;109.0
3040;Kabinet;0;667.0;99.0;702.0;126.0
3041;Kabinet;0;652.0;120.0;687.0;150.0
3042;Kabinet;0;633.0;139.0;669.0;168.0
3043;Kabinet;0;616.0;161.0;652.0;215.0
3071;Kabinet;0;151.0;201.0;187.0;228.0
3073;Kabinet;0;146.0;224.0;183.0;242.0
3074;Kabinet;0;142.0;241.0;176.0;265.0
3077;Kabinet;0;138.0;259.0;171.0;298.0
3079;Kabinet;0;126.0;299.0;163.0;332.0
3081;Kabinet;0;120.0;330.0;156.0;365.0
3070;Kabinet;0;203.0;194.0;243.0;229.0
3072;Kabinet;0;194.0;228.0;234.0;255.0
3075;Kabinet;0;194.0;253.0;228.0;279.0
3076;Kabinet;0;181.0;279.0;223.0;303.0
3078;Kabinet;0;175.0;303.0;217.0;330.0
3080;Kabinet;0;168.0;329.0;210.0;356.0
3082;Kabinet;0;161.0;352.0;203.0;379.0
3086;Kabinet;0;150.0;394.0;193.0;423.0
3088;Kabinet;0;149.0;425.0;184.0;444.0
3089;Kabinet;0;136.0;440.0;179.0;463.0
3090;Kabinet;0;132.0;464.0;173.0;489.0
4107;Kabinet;0;25.0;12.0;55.0;49.0
4108;Kabinet;0;56.0;12.0;74.0;48.0
4110;Kabinet;0;74.0;12.0;100.0;51.0
4112;N/A;0;100.0;37.0;114.0;49.0
4114;N/A;0;115.0;36.0;129.0;49.0
4002;Üliõpilaste nõustamine;0;185.0;12.0;225.0;48.0
4003;Kabinet;0;226.0;12.0;244.0;48.0
4004;Kabinet;0;245.0;12.0;271.0;48.0
4006;Kabinet;0;273.0;11.0;295.0;51.0
4007;Kabinet;0;295.0;11.0;321.0;46.0
4009;Kabinet;0;321.0;11.0;348.0;48.0
4011;Kabinet;0;349.0;11.0;375.0;50.0
4012;Kabinet;0;377.0;12.0;402.0;48.0
4014;Kabinet;0;401.0;11.0;420.0;43.0
4015;Kabinet;0;421.0;12.0;438.0;43.0
4016;Kabinet;0;439.0;12.0;455.0;50.0
4018;Kabinet;0;457.0;11.0;484.0;50.0
4019;Kabinet;0;485.0;13.0;510.0;44.0
4021;Kabinet;0;512.0;11.0;531.0;47.0
4023;Kabinet;0;532.0;11.0;556.0;48.0
4024;Kabinet;0;558.0;12.0;573.0;48.0
4025;Kabinet;0;575.0;12.0;591.0;48.0
4026;Kabinet;0;592.0;12.0;613.0;49.0
4028;N/A;0;626.0;38.0;654.0;49.0
4029;Kabinet;0;655.0;12.0;686.0;49.0
4030;Kabinet;0;686.0;13.0;706.0;51.0
4031;Kabinet;0;708.0;13.0;726.0;50.0
4032;Kabinet;0;725.0;13.0;783.0;66.0
4106;Kabinet;0;23.0;62.0;56.0;79.0
4105;Kabinet;0;25.0;81.0;55.0;97.0
4109;Käsitööruum;0;68.0;63.0;101.0;97.0
4111;N/A;0;101.0;63.0;113.0;96.0
4113;N/a;0;114.0;64.0;125.0;95.0
4005;Käsitöö-/Puhkeruum,Skype;0;226.0;63.0;331.0;96.0
4010;Ventilatsioon;0;331.0;63.0;402.0;98.0
4013;Kabinet;0;404.0;66.0;457.0;100.0
4017;Kabinet;0;456.0;65.0;509.0;98.0
4020;Kabinet;0;511.0;62.0;533.0;98.0
4022;Kabinet;0;535.0;64.0;557.0;95.0
4033;N/A;0;614.0;63.0;627.0;79.0
4064;Kabinet;0;212.0;125.0;261.0;159.0
4061;Kabinet;0;261.0;125.0;296.0;158.0
4058;Kabinet;0;295.0;125.0;330.0;159.0
4056;Ventilatsioon;0;331.0;126.0;403.0;161.0
4052;Kabinet;0;403.0;125.0;449.0;161.0
4050;Kabinet;0;449.0;126.0;472.0;160.0
4048;Kabinet;0;474.0;127.0;499.0;161.0
4046;Kabinet;0;501.0;125.0;526.0;159.0
4044;Kabinet;0;527.0;124.0;592.0;159.0
4102;Kabinet;0;24.0;169.0;55.0;187.0
4101;Kabinet;0;25.0;189.0;56.0;205.0
4103;Koostööruum;0;68.0;171.0;123.0;208.0
4104;Kantselei;0;121.0;170.0;150.0;208.0
4063;Kabinet;0;236.0;170.0;256.0;209.0
4062;Kabinet;0;256.0;175.0;272.0;211.0
4060;Kabinet;0;273.0;176.0;296.0;210.0
4059;Kabinet;0;296.0;175.0;322.0;210.0
4057;Kabinet;0;321.0;172.0;349.0;210.0
4055;Kabinet;0;349.0;173.0;376.0;210.0
4054;Kabinet;0;375.0;179.0;401.0;212.0
4053;Kabinet;0;403.0;172.0;435.0;212.0
4051;Kabinet;0;436.0;172.0;455.0;212.0
4049;Kabinet;0;456.0;175.0;483.0;213.0
4047;Kabinet;0;483.0;170.0;508.0;212.0
4045;Puhkeruum;0;509.0;172.0;580.0;213.0
4100;Kabinet;0;24.0;208.0;56.0;223.0
4098;Kabinet;0;24.0;224.0;57.0;238.0
4096;Kabinet;0;24.0;239.0;53.0;253.0
4094;Kabinet;0;23.0;254.0;54.0;270.0
4093;Kabinet;0;24.0;270.0;54.0;286.0
4091;Kabinet;0;24.0;286.0;52.0;302.0
4089;Kabinet;0;26.0;302.0;53.0;318.0
4087;Kabinet;0;26.0;318.0;57.0;335.0
4086;Kabinet;0;25.0;334.0;56.0;350.0
4085;Kabinet;0;25.0;348.0;57.0;374.0
4099;Kabinet;0;69.0;208.0;106.0;233.0
4097;Kabinet;0;69.0;232.0;105.0;253.0
4095;Hoiuruum;0;71.0;253.0;105.0;274.0
4092;Kabinet;0;69.0;272.0;105.0;295.0
4090;Kabinet;0;69.0;297.0;106.0;318.0
4088;Kabinet;0;69.0;318.0;107.0;343.0
4083;Ventilatsioon;0;71.0;345.0;140.0;388.0
4084;Puhkeruum;0;70.0;387.0;131.0;420.0
4066;Puhkeruum;0;161.0;172.0;197.0;226.0
4068;Kabinet;0;145.0;222.0;181.0;254.0
4071;Kabinet;0;137.0;254.0;175.0;275.0
4073;Kabinet;0;134.0;276.0;162.0;299.0
4076;Kabinet;0;128.0;295.0;157.0;322.0
4078;Kabinet;0;122.0;319.0;152.0;346.0
4067;Kabinet;0;200.0;201.0;235.0;238.0
4069;Kabinet;0;193.0;234.0;229.0;264.0
4070;Kabinet;0;187.0;259.0;224.0;286.0
4072;Kabinet;0;183.0;285.0;217.0;304.0
4074;Kabinet;0;179.0;301.0;213.0;317.0
4075;Kabinet;0;173.0;315.0;209.0;334.0
4077;Kabinet;0;170.0;331.0;208.0;351.0
4079;Kabinet;0;164.0;348.0;201.0;367.0
4080;Kabinet;0;157.0;367.0;197.0;386.0
4035;Kabinet;0;705.0;51.0;742.0;86.0
4036;Kabinet;0;685.0;77.0;722.0;97.0
4037;Kabinet;0;674.0;93.0;704.0;112.0
4038;Kabinet;0;659.0;105.0;697.0;123.0
4039;Kabinet;0;650.0;120.0;687.0;140.0
4040;Kabinet;0;640.0;136.0;671.0;156.0
4041;Kabinet;0;626.0;150.0;661.0;168.0
4042;Kabinet;0;614.0;164.0;647.0;180.0
4043;Kabinet;0;603.0;176.0;640.0;224.0